1 1
3 0 1 401.006 502 0 0 10 1 Yago
7 1 1 1187 476 0.04 0 5 -1 1166 430 2
7 1 0 1166 621.049 0.04 0.3 5 1 1166 700 3
4 0 0 594.232 647.205 0.03 0.005 3 1 310 700 4
4 0 0 1194.01 647.205 -0.03 0.005 3 1 1179 700 5
4 0 0 321.756 647.205 -0.03 0.005 3 1 606 700 0
4 0 0 1271.44 647.205 0.03 0.005 3 1 987 700 1
4 0 0 841.562 647.205 -0.03 0.005 3 1 1126 700 3
4 0 0 529.989 647.205 -0.03 0.005 3 1 515 700 1
9 0 0 0 710 0 0 0 
9 0 0 468 710 0 0 0 
9 0 0 936 710 0 0 0 
9 0 0 0 530 0 0 0 
9 0 0 898 530 0 0 0 
9 0 0 450 360 0 0 0 
9 0 0 0 200 0 0 0 
9 0 0 898 200 0 0 0 
10 0 0 702 640 0 0 1 8000
10 0 0 234 460 0 0 1 8000
10 0 0 1166 460 0 0 1 8000
10 0 0 936 460 0 0 1 8000
